hicds_cancer_annot <- c("ENCSR549MGQ_T47D_40kb" =	1,
"Barutcu_MCF-10A_40kb" 	=0,
"GSE105194_cerebellum_40kb" =	0,
"GSE105318_DLD1_40kb"   =	1,
"ENCSR401TBQ_Caki2_40kb" 	=1,
"ENCSR079VIJ_G401_40kb"	=1,
"GSE105381_HepG2_40kb" 	=1,
"ENCSR444WCZ_A549_40kb" 	=1,
"ENCSR489OCU_NCI-H460_40kb" =	1,
"ENCSR312KHQ_SK-MEL-5_40kb" =	1,
"K562_40kb" 	=1,
"Barutcu_MCF-7_40kb"=  	1,
"Panc1_rep12_40kb"  =	1,
"HMEC_40kb" 	=0,
"ENCSR346DCU_LNCaP_40kb"=   	1,
"GSE105194_spinal_cord_40kb"= 	0,
"Rao_HCT-116_2017_40kb" 	=1,
"GSE99051_786_O_40kb" 	=1,
"GSE109229_BT474_40kb" 	=1,
"ENCSR862OGI_RPMI-7951_40kb"= 	1,
"GSE109229_SKBR3_40kb" 	=1,
"GSE118588_Panc_beta_40kb" =	0,
"GSE118514_RWPE1_40kb" 	=0,
"LG2_40kb" 	=0,
"PA2_40kb" 	=0,
"PA3_40kb" 	=0,
"LI_40kb" 	=0,
"GSE118514_22Rv1_40kb"= 	1,
"ENCSR504OTV_transverse_colon_40kb" 	=0,
"LG1_40kb" 	=0)

